                            Table 16: Status Codes
110001	110000	110081	110091	110221	110351	110481	110231	110361	110491
110241	110501	110251	110381	110261	110391	110521	110271	110401	110020
110021	110281	110030	110031	110291	110040	110041	110301	110051	110061
110321	110071	110200	110201	110331	110341	110601	110621	110371	110421
110300	110591	000001	110600	110620	110630	110631	110640	110641	110651
110661	110671	110681	110691	110700	110701	110720	110721	110730	110731
110220	110740	110741	110751	110240	110761	110771	110781	110791	110800
110801	110820	110821	110830	110831	110320	110840	110841	110330	110851
110340	110861	110871	110881	110891	110900	110901	110400	110920	110921
110930	110931	110420	110940	110941	110430	110431	110950	110951	110440
110441	110961	110451	110971	110461	110981	110471	110991	110500	110520
110530	110531	110540	110541	110551	110561	110571	110581	110090	110670
110690	110230	110790	110290	110890	110960	110970	110980	110990	110490
110590	100991	110080	110050	110060	110070	100000	111620	111621	111630
111631	111640	111641	111651	111661	111671	111681	111691	111700	111701
111200	111201	111720	111721	111730	111731	111220	111221	111741	111230
111231	111751	111240	111241	111761	111251	111771	111261	111781	111271
111791	111281	111800	111801	111291	110270	111300	111301	111820	111821
111831	111320	111321	111840	111841	111330	111331	111851	111340	111341
111861	111351	111871	111361	111881	111371	111891	111381	111900	111901
111391	111400	111401	111920	111921	111930	111931	111420	111421	111940
111941	111431	111951	111440	111441	111961	111451	111971	111461	111981
111471	111991	111481	111491	111500	111501	111000	111001	111520	111521
111530	111531	111020	111021	111540	111541	111030	111031	111551	111040
111041	111561	111051	111571	111061	111581	111071	111591	111081	111600
111601	111091	101991	110250	111830	110390	111430	111990	101891	101381
101901	101391	101401	101921	100900	100901	101931	101421	100400	100401
101941	101431	100920	100921	101951	101441	100930	100931	100420	100421
101961	101451	100941	100430	100431	101971	101461	100441	101981	101471
101481	101491	101501	101001	101521	100500	100501	101531	101021	100001
101541	101031	100520	100521	101551	101041	100531	100020	100021	101561
101051	100541	100031	101571	101061	100041	101581	101071	100051	101591
101081	100061	101601	101091	100071	101621	100600	100601	100091	101631
101641	100620	100621	101651	100630	100631	101661	100641	101671	101681
101691	101701	101201	101721	100700	100701	101731	101221	100200	100201
101741	101231	100720	100721	101751	101241	100731	100220	100221	101761
101251	100741	100231	101771	101261	100241	101781	101271	101791	101281
101801	101291	101301	101821	100800	100801	101831	101321	100300	100301
101841	101331	100820	100821	101851	101341	100831	100320	100321	101861
101351	100841	100331	101871	101361	100341	101881	101371	100940	100440
100730	100840	100530	100291	100830	100330	100740	100230	100361	100491
100240	100251	100640	100261	100391	100540	100030	100040	100081	100340
100271	100281	100591	100381	100481	100751	100881	100371	100761	100891
100771	100651	100781	100661	100791	100351	100551	100681	100561	100691
100951	100571	100961	100451	100971	100851	100981	100471	100871	100671
100581	100461	100861	100970	100870	100950	100960	100980	100390	100990
100570	100090	100790	101900	101400	101920	101930	101420	101940	101430
101440	101500	101000	101520	101530	101020	101540	101030	101040	101600
101620	101630	101640	101700	101200	101720	101730	101220	101740	101240
101800	101300	101820	101830	101320	101840	101330	101340	101970	101990
101090	101690	101750	110650	110660	110680	110750	110760	110770	110260
110780	110280	110850	110860	110350	110870	110360	110880	110370	110380
110450	110460	110470	110480	110550	110560	110570	110580		
